#r 	ccsd	SVWN	pbe0	pbe	m062x	hse06	m11
0.000000	0.000000	0.000000	0.000000	0.000000	0.000000	0.000000	0.000000
0.018897	0.137117	0.136938	0.137067	0.137010	0.137111	0.137066	0.137141
0.037795	0.471600	0.470924	0.471400	0.471191	0.471566	0.471397	0.471665
0.056881	0.913765	0.912348	0.913329	0.912900	0.913682	0.913322	0.913859
0.075778	1.397386	1.395053	1.396640	1.395948	1.397228	1.396629	1.397476
0.094675	1.884098	1.880738	1.882990	1.882009	1.883843	1.882973	1.884150
0.113573	2.341952	2.337516	2.340449	2.339173	2.341581	2.340426	2.341928
0.132470	2.749784	2.744281	2.747874	2.746312	2.749283	2.747844	2.749651
0.151556	3.099427	3.092905	3.097113	3.095284	3.098783	3.097076	3.099158
0.170454	3.389445	3.381985	3.386743	3.384675	3.388651	3.386700	3.389020
0.189351	3.620095	3.611801	3.617034	3.614759	3.619147	3.616984	3.619503
0.208248	3.792297	3.783288	3.788912	3.786465	3.791193	3.788857	3.791531
0.227146	3.908362	3.898771	3.904694	3.902114	3.907104	3.904635	3.907423
0.246232	3.972510	3.962472	3.968605	3.965929	3.971103	3.968543	3.971402
0.265129	3.990577	3.980227	3.986482	3.983747	3.989026	3.986418	3.989309
0.284026	3.969200	3.958671	3.964964	3.962206	3.967515	3.964899	3.967787
0.302924	3.914979	3.904395	3.910648	3.907900	3.913169	3.910584	3.913437
0.321821	3.833895	3.823374	3.829518	3.826808	3.831975	3.829455	3.832244
0.340907	3.731091	3.720743	3.726713	3.724069	3.729075	3.726652	3.729352
0.359805	3.610896	3.600822	3.606560	3.604008	3.608801	3.606503	3.609092
0.378702	3.476983	3.467274	3.472732	3.470291	3.474828	3.472678	3.475139
0.397599	3.332549	3.323288	3.328423	3.326113	3.330355	3.328373	3.330689
0.416496	3.180456	3.171716	3.176493	3.174329	3.178247	3.176448	3.178607
0.435583	3.023317	3.015159	3.019551	3.017547	3.021117	3.019511	3.021503
0.454480	2.863524	2.856001	2.859987	2.858152	2.861359	2.859953	2.861769
0.473377	2.703241	2.696397	2.699963	2.698305	2.701141	2.699934	2.701570
0.492275	2.544386	2.538253	2.541393	2.539918	2.542380	2.541370	2.542823
0.511172	2.388603	2.383207	2.385920	2.384630	2.386722	2.385902	2.387172
0.530258	2.237251	2.232609	2.234900	2.233795	2.235529	2.234886	2.235974
0.549156	2.091405	2.087527	2.089405	2.088485	2.089874	2.089396	2.090303
0.568053	1.951868	1.948757	1.950238	1.949498	1.950564	1.950231	1.950962
0.586950	1.819201	1.816855	1.817955	1.817393	1.818158	1.817952	1.818510
0.605847	1.693754	1.692167	1.692908	1.692518	1.693009	1.692907	1.693298
0.624934	1.575706	1.574867	1.575271	1.575047	1.575293	1.575272	1.575501
0.643831	1.465097	1.464991	1.465085	1.465019	1.465053	1.465086	1.465160
0.662728	1.361864	1.362475	1.362284	1.362370	1.362223	1.362285	1.362210
0.681626	1.265867	1.267176	1.266728	1.266957	1.266665	1.266728	1.266511
0.700523	1.176916	1.178901	1.178225	1.178589	1.178186	1.178222	1.177871
0.719609	1.094783	1.097422	1.096547	1.097038	1.096559	1.096541	1.096062
0.738506	1.019221	1.022491	1.021445	1.022054	1.021534	1.021435	1.020835
0.757404	0.949968	0.953845	0.952657	0.953376	0.952850	0.952643	0.951928
0.776301	0.886758	0.891215	0.889915	0.890734	0.890236	0.889895	0.889073
0.795198	0.829317	0.834332	0.832946	0.833857	0.833420	0.832919	0.831996
0.814285	0.777376	0.782921	0.781477	0.782471	0.782127	0.781442	0.780426
0.833182	0.730660	0.736712	0.735234	0.736305	0.736084	0.735192	0.734088
0.852079	0.688897	0.695432	0.693946	0.695084	0.695016	0.693895	0.692709
0.870977	0.651817	0.658810	0.657340	0.658538	0.658649	0.657278	0.656017
0.889874	0.619149	0.626577	0.625144	0.626396	0.626711	0.625073	0.623741
0.908960	0.590625	0.598467	0.597091	0.598389	0.598932	0.597009	0.595613
0.927857	0.565979	0.574213	0.572914	0.574252	0.575044	0.572820	0.571365
0.946755	0.544950	0.553556	0.552351	0.553722	0.554782	0.552245	0.550735
0.965652	0.527281	0.536239	0.535144	0.536544	0.537889	0.535025	0.533465
0.984549	0.512721	0.522013	0.521041	0.522465	0.524111	0.520910	0.519304
1.003636	0.501026	0.510635	0.509799	0.511241	0.513201	0.509656	0.508008
1.022533	0.491961	0.501870	0.501182	0.502639	0.504922	0.501025	0.499340
1.041430	0.485300	0.495494	0.494963	0.496430	0.499047	0.494793	0.493073
1.060328	0.480828	0.491292	0.490926	0.492400	0.495358	0.490743	0.488992
1.079225	0.478338	0.489059	0.488866	0.490342	0.493647	0.488669	0.486890
1.098311	0.477639	0.488603	0.488587	0.490064	0.493719	0.488377	0.486574
1.117208	0.478546	0.489742	0.489908	0.491383	0.495390	0.489684	0.487860
1.136106	0.480891	0.492306	0.492658	0.494128	0.498487	0.492421	0.490578
1.155003	0.484514	0.496136	0.496676	0.498140	0.502850	0.496426	0.494567
1.173900	0.489267	0.501086	0.501815	0.503270	0.508330	0.501552	0.499681
1.192987	0.495014	0.507018	0.507938	0.509382	0.514788	0.507662	0.505780
1.211884	0.501628	0.513808	0.514917	0.516348	0.522095	0.514629	0.512739
1.230781	0.508993	0.521338	0.522636	0.524053	0.530135	0.522335	0.520441
1.249678	0.517001	0.529502	0.530986	0.532388	0.538799	0.530674	0.528778
1.268576	0.525555	0.538201	0.539871	0.541256	0.547987	0.539547	0.537652
1.287662	0.534565	0.547347	0.549198	0.550565	0.557608	0.548863	0.546971
1.306559	0.543948	0.556855	0.558885	0.560233	0.567578	0.558540	0.556654
1.325457	0.553628	0.566652	0.568856	0.570184	0.577821	0.568501	0.566624
1.344354	0.563538	0.576669	0.579043	0.580349	0.588267	0.578678	0.576813
1.363251	0.573613	0.586841	0.589380	0.590665	0.598852	0.589006	0.587156
1.382337	0.583796	0.597112	0.599811	0.601073	0.609517	0.599429	0.597596
1.401235	0.594034	0.607429	0.610283	0.611521	0.620208	0.609892	0.608079
1.420132	0.604280	0.617744	0.620746	0.621960	0.630878	0.620348	0.618558
1.439029	0.614489	0.628013	0.631158	0.632346	0.641481	0.630753	0.628989
1.457927	0.624622	0.638196	0.641477	0.642639	0.651977	0.641066	0.639331
1.477013	0.634641	0.648256	0.651667	0.652803	0.662328	0.651250	0.649547
1.495910	0.644515	0.658161	0.661694	0.662803	0.672502	0.661272	0.659604
1.514808	0.654211	0.667880	0.671529	0.672610	0.682468	0.671103	0.669471
1.533705	0.663704	0.677385	0.681143	0.682196	0.692197	0.680713	0.679122
1.552602	0.672967	0.686653	0.690513	0.691537	0.701666	0.690079	0.688531
1.571688	0.681980	0.695660	0.699614	0.700610	0.710851	0.699178	0.697675
1.590586	0.690721	0.704387	0.708428	0.709394	0.719732	0.707991	0.706536
1.609483	0.699173	0.712816	0.716937	0.717873	0.728292	0.716498	0.715093
1.628380	0.707320	0.720931	0.725124	0.726029	0.736515	0.724684	0.723333
1.647278	0.715148	0.728718	0.732975	0.733851	0.744387	0.732536	0.731240
1.666364	0.722645	0.736165	0.740480	0.741324	0.751896	0.740040	0.738803
1.685261	0.729799	0.743261	0.747626	0.748439	0.759031	0.747188	0.746011
1.704159	0.736602	0.749998	0.754405	0.755187	0.765785	0.753969	0.752855
1.723056	0.743047	0.756369	0.760811	0.761562	0.772149	0.760377	0.759327
1.741953	0.749128	0.762366	0.766837	0.767556	0.778120	0.766406	0.765423
1.761039	0.754839	0.767987	0.772479	0.773166	0.783691	0.772051	0.771136
1.779937	0.760178	0.773227	0.777733	0.778388	0.788861	0.777310	0.776465
1.798834	0.765142	0.778084	0.782597	0.783220	0.793628	0.782179	0.781407
1.817731	0.769729	0.782557	0.787072	0.787662	0.797991	0.786658	0.785960
1.836629	0.773940	0.786647	0.791156	0.791714	0.801951	0.790748	0.790125
1.855715	0.777776	0.790354	0.794851	0.795377	0.805509	0.794449	0.793903
1.874612	0.781237	0.793680	0.798158	0.798652	0.808668	0.797764	0.797296
1.893509	0.784328	0.796627	0.801082	0.801543	0.811432	0.800694	0.800305
1.912407	0.787049	0.799200	0.803625	0.804053	0.813803	0.803244	0.802936
1.931304	0.789406	0.801401	0.805791	0.806187	0.815786	0.805419	0.805192
1.950390	0.791404	0.803236	0.807586	0.807950	0.817388	0.807222	0.807078
1.969288	0.793046	0.804711	0.809014	0.809346	0.818614	0.808659	0.808598
1.988185	0.794340	0.805830	0.810083	0.810382	0.819471	0.809737	0.809760
2.007082	0.795290	0.806600	0.810798	0.811065	0.819965	0.810461	0.810569
2.025980	0.795903	0.807028	0.811166	0.811401	0.820104	0.810839	0.811032
2.045066	0.796186	0.807121	0.811195	0.811398	0.819896	0.810878	0.811156
2.063963	0.796146	0.806886	0.810892	0.811063	0.819348	0.810585	0.810949
2.082860	0.795791	0.806330	0.810265	0.810404	0.818469	0.809969	0.810418
2.101758	0.795128	0.805462	0.809321	0.809429	0.817268	0.809036	0.809571
2.120655	0.794165	0.804290	0.808070	0.808146	0.815753	0.807796	0.808416
2.139741	0.792910	0.802821	0.806519	0.806564	0.813933	0.806256	0.806962
2.158639	0.791370	0.801064	0.804677	0.804692	0.811816	0.804426	0.805217
2.177536	0.789555	0.799028	0.802553	0.802537	0.809413	0.802313	0.803190
2.196433	0.787472	0.796720	0.800155	0.800108	0.806732	0.799927	0.800888
2.215330	0.785129	0.794150	0.797492	0.797415	0.803782	0.797276	0.798321
2.234417	0.782535	0.791326	0.794573	0.794466	0.800573	0.794369	0.795497
2.253314	0.779699	0.788256	0.791406	0.791270	0.797113	0.791214	0.792424
2.272211	0.776628	0.784949	0.788000	0.787835	0.793412	0.787821	0.789113
2.291109	0.773331	0.781414	0.784364	0.784170	0.789479	0.784197	0.785570
2.310006	0.769816	0.777658	0.780507	0.780284	0.785323	0.780352	0.781804
2.329092	0.766091	0.773691	0.776437	0.776186	0.780952	0.776294	0.777825
2.347990	0.762164	0.769521	0.772162	0.771883	0.776377	0.772031	0.773640
2.366887	0.758044	0.765155	0.767691	0.767385	0.771604	0.767573	0.769257
2.385784	0.753738	0.760602	0.763032	0.762699	0.766644	0.762926	0.764685
2.404681	0.749253	0.755871	0.758193	0.757834	0.761504	0.758100	0.759932
2.423768	0.744599	0.750968	0.753183	0.752798	0.756193	0.753102	0.755006
2.442665	0.739781	0.745902	0.748009	0.747598	0.750720	0.747940	0.749915
2.461562	0.734808	0.740681	0.742679	0.742244	0.745091	0.742622	0.744666
2.480460	0.729688	0.735311	0.737201	0.736741	0.739316	0.737156	0.739267
2.499357	0.724426	0.729801	0.731582	0.731098	0.733402	0.731550	0.733726
2.518443	0.719031	0.724158	0.725830	0.725323	0.727357	0.725809	0.728049
2.537340	0.713509	0.718388	0.719952	0.719422	0.721189	0.719943	0.722245
2.556238	0.707868	0.712499	0.713956	0.713403	0.714904	0.713958	0.716320
2.575135	0.702113	0.706498	0.707847	0.707273	0.708510	0.707861	0.710280
2.594032	0.696252	0.700392	0.701633	0.701038	0.702014	0.701658	0.704134
2.613119	0.690291	0.694186	0.695321	0.694706	0.695422	0.695357	0.697887
2.632016	0.684235	0.687888	0.688917	0.688282	0.688743	0.688964	0.691546
2.650913	0.678092	0.681504	0.682427	0.681773	0.681982	0.682485	0.685117
2.669811	0.671867	0.675039	0.675858	0.675186	0.675145	0.675927	0.678607
2.688708	0.665566	0.668501	0.669216	0.668526	0.668239	0.669296	0.672021
2.707794	0.659195	0.661894	0.662507	0.661800	0.661271	0.662597	0.665366
2.726691	0.652760	0.655225	0.655736	0.655013	0.654245	0.655836	0.658647
2.745589	0.646265	0.648499	0.648910	0.648170	0.647168	0.649020	0.651870
2.764486	0.639716	0.641722	0.642033	0.641278	0.640045	0.642153	0.645040
2.783383	0.633119	0.634898	0.635111	0.634342	0.632883	0.635241	0.638163
2.802470	0.626478	0.628033	0.628150	0.627367	0.625685	0.628288	0.631243
2.821367	0.619798	0.621132	0.621154	0.620358	0.618458	0.621301	0.624287
2.840264	0.613084	0.614200	0.614127	0.613319	0.611206	0.614284	0.617298
2.859161	0.606340	0.607241	0.607076	0.606256	0.603934	0.607241	0.610281
2.878059	0.599571	0.600260	0.600004	0.599173	0.596647	0.600178	0.603242
2.897145	0.592782	0.593262	0.592917	0.592075	0.589349	0.593098	0.596184
2.916042	0.585976	0.586251	0.585817	0.584966	0.582046	0.586007	0.589112
2.934940	0.579158	0.579230	0.578710	0.577851	0.574740	0.578907	0.582030
2.953837	0.572332	0.572205	0.571600	0.570732	0.567436	0.571804	0.574942
2.972734	0.565501	0.565178	0.564490	0.563615	0.560139	0.564702	0.567852
2.991821	0.558669	0.558154	0.557385	0.556502	0.552851	0.557603	0.560764
3.010718	0.551840	0.551136	0.550287	0.549398	0.545577	0.550512	0.553682
3.029615	0.545016	0.544128	0.543200	0.542307	0.538320	0.543432	0.546608
3.048512	0.538203	0.537132	0.536129	0.535230	0.531084	0.536367	0.539547
3.067410	0.531401	0.530153	0.529076	0.528173	0.523871	0.529319	0.532502
3.086496	0.524616	0.523194	0.522043	0.521137	0.516686	0.522293	0.525476
3.105393	0.517849	0.516257	0.515035	0.514126	0.509530	0.515290	0.518472
3.124291	0.511104	0.509345	0.508054	0.507143	0.502407	0.508315	0.511492
3.143188	0.504383	0.502461	0.501103	0.500190	0.495320	0.501368	0.504540
3.162085	0.497689	0.495608	0.494184	0.493270	0.488271	0.494454	0.497619
3.181171	0.491024	0.488788	0.487301	0.486386	0.481262	0.487575	0.490730
3.200069	0.484391	0.482003	0.480455	0.479540	0.474297	0.480733	0.483877
3.218966	0.477792	0.475257	0.473648	0.472734	0.467376	0.473931	0.477061
3.237863	0.471229	0.468550	0.466883	0.465971	0.460504	0.467170	0.470285
3.256761	0.464705	0.461886	0.460163	0.459252	0.453680	0.460453	0.463551
3.275847	0.458221	0.455266	0.453488	0.452580	0.446908	0.453781	0.456861
3.294744	0.451779	0.448692	0.446861	0.445956	0.440190	0.447157	0.450217
3.313642	0.445381	0.442165	0.440283	0.439382	0.433526	0.440583	0.443621
3.332539	0.439028	0.435688	0.433757	0.432860	0.426919	0.434059	0.437073
3.351436	0.432723	0.429262	0.427283	0.426391	0.420369	0.427588	0.430577
3.370522	0.426467	0.422888	0.420864	0.419977	0.413879	0.421171	0.424134
3.389420	0.420260	0.416569	0.414500	0.413619	0.407450	0.414809	0.417744
3.408317	0.414105	0.410304	0.408194	0.407318	0.401082	0.408504	0.411410
3.427214	0.408003	0.404096	0.401945	0.401076	0.394778	0.402257	0.405132
3.446112	0.401955	0.397945	0.395755	0.394893	0.388538	0.396069	0.398911
3.465198	0.395961	0.391853	0.389626	0.388771	0.382362	0.389941	0.392750
3.484095	0.390024	0.385820	0.383558	0.382711	0.376253	0.383874	0.386648
3.502993	0.384143	0.379847	0.377552	0.376713	0.370210	0.377868	0.380607
3.521890	0.378320	0.373936	0.371608	0.370778	0.364234	0.371926	0.374627
3.540787	0.372555	0.368087	0.365728	0.364907	0.358326	0.366046	0.368709
3.559873	0.366850	0.362300	0.359913	0.359101	0.352487	0.360231	0.362854
3.578771	0.361204	0.356576	0.354162	0.353359	0.346716	0.354480	0.357063
3.597668	0.355619	0.350916	0.348476	0.347684	0.341015	0.348794	0.351336
3.616565	0.350094	0.345320	0.342856	0.342074	0.335384	0.343173	0.345673
3.635463	0.344631	0.339789	0.337301	0.336530	0.329823	0.337619	0.340075
3.654549	0.339230	0.334322	0.331814	0.331053	0.324332	0.332130	0.334543
3.673446	0.333890	0.328921	0.326392	0.325643	0.318911	0.326708	0.329076
3.692343	0.328613	0.323585	0.321038	0.320300	0.313561	0.321353	0.323675
3.711241	0.323398	0.318314	0.315750	0.315024	0.308281	0.316064	0.318340
3.730138	0.318246	0.313109	0.310530	0.309816	0.303071	0.310843	0.313071
3.749224	0.313157	0.307970	0.305376	0.304675	0.297932	0.305688	0.307868
3.768122	0.308131	0.302897	0.300290	0.299601	0.292864	0.300600	0.302732
3.787019	0.303167	0.297889	0.295270	0.294594	0.287865	0.295579	0.297662
3.805916	0.298266	0.292947	0.290318	0.289654	0.282937	0.290625	0.292658
3.824814	0.293429	0.288070	0.285432	0.284781	0.278078	0.285737	0.287721
3.843900	0.288654	0.283259	0.280612	0.279975	0.273289	0.280916	0.282849
3.862797	0.283941	0.278513	0.275859	0.275235	0.268569	0.276161	0.278043
3.881694	0.279291	0.273832	0.271173	0.270562	0.263918	0.271472	0.273303
3.900592	0.274703	0.269215	0.266552	0.265955	0.259335	0.266849	0.268628
3.919489	0.270177	0.264663	0.261996	0.261413	0.254820	0.262291	0.264019
3.938575	0.265713	0.260175	0.257506	0.256937	0.250373	0.257798	0.259474
3.957473	0.261310	0.255751	0.253080	0.252525	0.245993	0.253370	0.254993
3.976370	0.256969	0.251390	0.248719	0.248178	0.241679	0.249006	0.250577
3.995267	0.252688	0.247092	0.244421	0.243894	0.237432	0.244706	0.246224
4.014164	0.248467	0.242857	0.240188	0.239675	0.233250	0.240469	0.241934
4.033251	0.244307	0.238683	0.236017	0.235518	0.229133	0.236296	0.237708
4.052148	0.240206	0.234571	0.231908	0.231424	0.225081	0.232184	0.233543
4.071045	0.236164	0.230520	0.227862	0.227392	0.221092	0.228135	0.229441
4.089943	0.232180	0.226530	0.223877	0.223421	0.217166	0.224147	0.225400
4.108840	0.228255	0.222600	0.219953	0.219512	0.213303	0.220220	0.221420
4.127926	0.224388	0.218729	0.216089	0.215662	0.209502	0.216353	0.217500
4.146824	0.220577	0.214918	0.212285	0.211873	0.205762	0.212545	0.213639
4.165721	0.216824	0.211164	0.208540	0.208142	0.202083	0.208797	0.209838
4.184618	0.213126	0.207469	0.204853	0.204470	0.198463	0.205107	0.206096
4.203515	0.209484	0.203830	0.201225	0.200856	0.194903	0.201475	0.202412
4.222602	0.205897	0.200249	0.197653	0.197299	0.191401	0.197900	0.198784
4.241499	0.202364	0.196723	0.194138	0.193798	0.187956	0.194382	0.195214
4.260396	0.198886	0.193252	0.190680	0.190354	0.184569	0.190920	0.191700
4.279294	0.195460	0.189836	0.187276	0.186964	0.181238	0.187513	0.188241
4.298191	0.192087	0.186474	0.183927	0.183630	0.177963	0.184160	0.184838
4.317277	0.188766	0.183166	0.180632	0.180349	0.174742	0.180862	0.181488
4.336174	0.185497	0.179910	0.177391	0.177121	0.171576	0.177616	0.178192
4.355072	0.182278	0.176707	0.174202	0.173946	0.168462	0.174424	0.174949
4.373969	0.179110	0.173555	0.171064	0.170823	0.165402	0.171283	0.171759
4.392866	0.175992	0.170453	0.167979	0.167751	0.162393	0.168193	0.168620
4.411953	0.172922	0.167402	0.164943	0.164730	0.159435	0.165155	0.165532
4.430850	0.169901	0.164401	0.161958	0.161758	0.156528	0.162166	0.162494
4.449747	0.166927	0.161448	0.159022	0.158835	0.153671	0.159226	0.159506
4.468645	0.164001	0.158543	0.156134	0.155961	0.150862	0.156335	0.156567
4.487542	0.161121	0.155686	0.153295	0.153135	0.148101	0.153491	0.153676
4.506628	0.158287	0.152875	0.150502	0.150356	0.145388	0.150695	0.150833
4.525525	0.155498	0.150111	0.147756	0.147623	0.142722	0.147945	0.148037
4.544423	0.152754	0.147392	0.145056	0.144935	0.140102	0.145241	0.145287
4.563320	0.150054	0.144718	0.142401	0.142293	0.137527	0.142583	0.142583
4.582217	0.147398	0.142089	0.139791	0.139695	0.134996	0.139968	0.139924
4.601304	0.144784	0.139503	0.137224	0.137141	0.132510	0.137398	0.137310
4.620201	0.142212	0.136960	0.134701	0.134630	0.130066	0.134871	0.134739
4.639098	0.139682	0.134459	0.132220	0.132161	0.127665	0.132386	0.132211
4.657995	0.137193	0.132000	0.129781	0.129734	0.125306	0.129944	0.129726
4.676893	0.134745	0.129581	0.127383	0.127349	0.122988	0.127542	0.127282
4.695979	0.132336	0.127204	0.125026	0.125003	0.120710	0.125181	0.124880
4.714876	0.129966	0.124866	0.122708	0.122697	0.118473	0.122860	0.122518
4.733774	0.127635	0.122567	0.120430	0.120431	0.116274	0.120579	0.120197
4.752671	0.125343	0.120307	0.118191	0.118203	0.114114	0.118336	0.117915
4.771757	0.123087	0.118085	0.115990	0.116013	0.111991	0.116132	0.115671
4.790655	0.120869	0.115900	0.113827	0.113861	0.109906	0.113964	0.113466
4.809552	0.118687	0.113752	0.111700	0.111745	0.107857	0.111834	0.111298
4.828449	0.116541	0.111640	0.109610	0.109665	0.105844	0.109741	0.109167
4.847346	0.114430	0.109564	0.107555	0.107621	0.103867	0.107683	0.107073
4.866433	0.112353	0.107523	0.105536	0.105612	0.101924	0.105660	0.105015
4.885330	0.110311	0.105517	0.103551	0.103638	0.100015	0.103672	0.102992
4.904227	0.108303	0.103544	0.101601	0.101697	0.098140	0.101718	0.101003
4.923125	0.106328	0.101606	0.099683	0.099790	0.096298	0.099797	0.099049
4.942022	0.104385	0.099699	0.097799	0.097915	0.094488	0.097909	0.097128
4.961108	0.102475	0.097826	0.095947	0.096073	0.092710	0.096054	0.095241
4.980005	0.100596	0.095984	0.094127	0.094262	0.090964	0.094231	0.093386
4.998903	0.098748	0.094174	0.092339	0.092482	0.089248	0.092439	0.091563
5.017800	0.096931	0.092394	0.090581	0.090733	0.087562	0.090678	0.089772
5.036697	0.095144	0.090645	0.088853	0.089015	0.085906	0.088948	0.088012
5.055784	0.093387	0.088925	0.087156	0.087325	0.084279	0.087247	0.086282
5.074681	0.091659	0.087235	0.085487	0.085665	0.082681	0.085575	0.084582
5.093578	0.089960	0.085574	0.083848	0.084034	0.081111	0.083933	0.082912
5.112476	0.088289	0.083941	0.082237	0.082431	0.079569	0.082319	0.081271
5.131373	0.086646	0.082337	0.080654	0.080856	0.078053	0.080733	0.079659
5.150459	0.085030	0.080760	0.079098	0.079308	0.076565	0.079174	0.078075
5.169356	0.083441	0.079209	0.077569	0.077786	0.075103	0.077642	0.076518
5.188254	0.081879	0.077686	0.076067	0.076291	0.073666	0.076137	0.074989
5.207151	0.080343	0.076188	0.074591	0.074822	0.072255	0.074658	0.073487
5.226048	0.078833	0.074717	0.073140	0.073379	0.070869	0.073205	0.072011
5.245135	0.077348	0.073271	0.071715	0.071960	0.069507	0.071777	0.070561
5.264032	0.075888	0.071849	0.070315	0.070567	0.068169	0.070374	0.069136
5.282929	0.074452	0.070453	0.068939	0.069197	0.066855	0.068996	0.067737
5.301826	0.073041	0.069080	0.067587	0.067851	0.065564	0.067641	0.066362
5.320724	0.071653	0.067731	0.066259	0.066529	0.064296	0.066310	0.065012
5.339810	0.070289	0.066405	0.064954	0.065230	0.063050	0.065003	0.063685
5.358707	0.068948	0.065103	0.063671	0.063953	0.061827	0.063718	0.062382
5.377605	0.067630	0.063823	0.062412	0.062699	0.060625	0.062456	0.061102
5.396502	0.066333	0.062565	0.061174	0.061467	0.059444	0.061216	0.059845
5.415399	0.065059	0.061329	0.059958	0.060256	0.058284	0.059997	0.058611
5.434486	0.063806	0.060115	0.058764	0.059067	0.057145	0.058801	0.057398
5.453383	0.062575	0.058922	0.057590	0.057898	0.056025	0.057625	0.056208
5.472280	0.061365	0.057749	0.056437	0.056750	0.054926	0.056470	0.055038
5.491177	0.060175	0.056598	0.055305	0.055622	0.053846	0.055335	0.053890
5.510075	0.059005	0.055466	0.054192	0.054514	0.052786	0.054220	0.052762
5.529161	0.057856	0.054354	0.053100	0.053425	0.051744	0.053126	0.051654
5.548058	0.056726	0.053262	0.052026	0.052356	0.050720	0.052050	0.050567
5.566956	0.055615	0.052189	0.050972	0.051306	0.049715	0.050994	0.049499
5.585853	0.054524	0.051135	0.049936	0.050274	0.048728	0.049956	0.048451
5.604750	0.053451	0.050099	0.048919	0.049260	0.047758	0.048937	0.047421
5.623836	0.052397	0.049082	0.047920	0.048264	0.046806	0.047936	0.046411
5.642734	0.051361	0.048083	0.046939	0.047286	0.045871	0.046953	0.045419
5.661631	0.050342	0.047101	0.045975	0.046326	0.044952	0.045988	0.044445
5.680528	0.049342	0.046137	0.045029	0.045383	0.044050	0.045039	0.043489
5.699426	0.048359	0.045190	0.044100	0.044456	0.043164	0.044108	0.042550
5.718512	0.047392	0.044260	0.043187	0.043546	0.042294	0.043194	0.041629
5.737409	0.046443	0.043347	0.042291	0.042652	0.041439	0.042296	0.040725
5.756307	0.045510	0.042450	0.041411	0.041775	0.040600	0.041415	0.039837
5.775204	0.044594	0.041569	0.040547	0.040913	0.039776	0.040549	0.038966
5.794101	0.043693	0.040704	0.039698	0.040066	0.038967	0.039699	0.038111
5.813187	0.042809	0.039854	0.038865	0.039235	0.038172	0.038864	0.037273
5.832085	0.041940	0.039020	0.038047	0.038419	0.037392	0.038045	0.036449
5.850982	0.041086	0.038201	0.037244	0.037618	0.036626	0.037241	0.035642
5.869879	0.040247	0.037397	0.036456	0.036832	0.035874	0.036451	0.034849
5.888777	0.039423	0.036608	0.035682	0.036059	0.035135	0.035676	0.034072
5.907863	0.038614	0.035833	0.034923	0.035301	0.034410	0.034915	0.033309
5.926760	0.037820	0.035072	0.034177	0.034557	0.033698	0.034168	0.032561
5.945657	0.037039	0.034325	0.033446	0.033826	0.033000	0.033435	0.031827
5.964555	0.036272	0.033592	0.032727	0.033108	0.032314	0.032716	0.031107
5.983452	0.035520	0.032872	0.032022	0.032404	0.031640	0.032010	0.030401
6.002538	0.034780	0.032166	0.031331	0.031713	0.030979	0.031317	0.029708
6.021436	0.034054	0.031472	0.030652	0.031035	0.030330	0.030637	0.029029
6.040333	0.033341	0.030792	0.029985	0.030369	0.029693	0.029969	0.028363
6.059230	0.032641	0.030124	0.029332	0.029716	0.029068	0.029315	0.027709
6.078128	0.031954	0.029469	0.028690	0.029075	0.028454	0.028672	0.027069
6.097214	0.031280	0.028826	0.028061	0.028446	0.027852	0.028042	0.026441
6.116111	0.030617	0.028195	0.027444	0.027828	0.027261	0.027424	0.025825
6.135008	0.029967	0.027576	0.026838	0.027222	0.026681	0.026817	0.025222
6.153906	0.029329	0.026969	0.026244	0.026628	0.026112	0.026222	0.024630
6.172803	0.028702	0.026373	0.025661	0.026045	0.025553	0.025638	0.024050
6.191889	0.028087	0.025788	0.025089	0.025473	0.025005	0.025066	0.023482
6.210787	0.027484	0.025215	0.024529	0.024912	0.024467	0.024504	0.022925
6.229684	0.026892	0.024653	0.023979	0.024361	0.023940	0.023954	0.022379
6.248581	0.026311	0.024101	0.023440	0.023822	0.023422	0.023414	0.021845
6.267479	0.025740	0.023561	0.022911	0.023292	0.022915	0.022884	0.021321
6.286565	0.025181	0.023030	0.022392	0.022773	0.022417	0.022365	0.020807
6.305462	0.024632	0.022510	0.021884	0.022263	0.021928	0.021856	0.020304
6.324359	0.024093	0.022000	0.021385	0.021764	0.021449	0.021357	0.019811
6.343257	0.023565	0.021500	0.020897	0.021274	0.020979	0.020868	0.019329
6.362154	0.023046	0.021010	0.020418	0.020794	0.020518	0.020388	0.018856
6.381240	0.022538	0.020529	0.019948	0.020323	0.020066	0.019918	0.018393
6.400138	0.022039	0.020058	0.019488	0.019862	0.019623	0.019458	0.017940
6.419035	0.021550	0.019596	0.019037	0.019409	0.019188	0.019006	0.017496
6.437932	0.021070	0.019144	0.018595	0.018966	0.018762	0.018563	0.017062
6.456829	0.020600	0.018700	0.018162	0.018531	0.018344	0.018130	0.016636
6.475916	0.020139	0.018265	0.017737	0.018105	0.017934	0.017705	0.016220
6.494813	0.019687	0.017839	0.017321	0.017688	0.017532	0.017289	0.015812
6.513710	0.019243	0.017422	0.016914	0.017279	0.017138	0.016881	0.015413
6.532608	0.018808	0.017013	0.016515	0.016878	0.016752	0.016481	0.015023
6.551505	0.018382	0.016613	0.016124	0.016485	0.016374	0.016090	0.014641
6.570591	0.017965	0.016220	0.015741	0.016100	0.016003	0.015707	0.014267
6.589489	0.017555	0.015836	0.015366	0.015723	0.015640	0.015331	0.013901
6.608386	0.017154	0.015459	0.014998	0.015353	0.015284	0.014964	0.013543
6.627283	0.016761	0.015090	0.014638	0.014992	0.014935	0.014604	0.013193
6.646180	0.016375	0.014729	0.014286	0.014637	0.014593	0.014251	0.012851
6.665267	0.015998	0.014376	0.013941	0.014290	0.014258	0.013906	0.012516
6.684164	0.015628	0.014029	0.013603	0.013950	0.013929	0.013568	0.012189
6.703061	0.015265	0.013690	0.013273	0.013617	0.013608	0.013237	0.011869
6.721959	0.014910	0.013358	0.012949	0.013291	0.013293	0.012913	0.011556
6.740856	0.014562	0.013033	0.012632	0.012972	0.012984	0.012597	0.011250
6.759942	0.014222	0.012715	0.012322	0.012660	0.012682	0.012286	0.010951
6.778839	0.013888	0.012404	0.012019	0.012354	0.012386	0.011983	0.010658
6.797737	0.013561	0.012100	0.011722	0.012055	0.012096	0.011686	0.010372
6.816634	0.013241	0.011801	0.011431	0.011762	0.011812	0.011395	0.010093
6.835531	0.012928	0.011510	0.011147	0.011475	0.011534	0.011111	0.009820
6.854618	0.012621	0.011224	0.010869	0.011194	0.011262	0.010833	0.009554
6.873515	0.012320	0.010945	0.010597	0.010920	0.010996	0.010561	0.009293
6.892412	0.012026	0.010672	0.010331	0.010651	0.010735	0.010295	0.009039
6.911310	0.011738	0.010405	0.010071	0.010388	0.010480	0.010035	0.008791
6.930207	0.011457	0.010143	0.009816	0.010131	0.010230	0.009780	0.008548
6.949293	0.011181	0.009888	0.009567	0.009880	0.009985	0.009531	0.008311
6.968190	0.010911	0.009638	0.009324	0.009634	0.009746	0.009288	0.008080
6.987088	0.010647	0.009393	0.009086	0.009393	0.009511	0.009050	0.007854
7.005985	0.010388	0.009154	0.008853	0.009158	0.009282	0.008817	0.007634
7.024882	0.010135	0.008921	0.008626	0.008927	0.009058	0.008590	0.007419
7.043969	0.009888	0.008692	0.008404	0.008702	0.008838	0.008368	0.007209
7.062866	0.009646	0.008469	0.008186	0.008482	0.008624	0.008151	0.007004
7.081763	0.009409	0.008251	0.007974	0.008267	0.008414	0.007939	0.006804
7.100660	0.009177	0.008038	0.007767	0.008057	0.008208	0.007731	0.006609
7.119558	0.008951	0.007829	0.007564	0.007851	0.008007	0.007529	0.006419
7.138644	0.008729	0.007626	0.007366	0.007651	0.007811	0.007331	0.006233
7.157541	0.008513	0.007427	0.007172	0.007454	0.007619	0.007137	0.006052
7.176439	0.008301	0.007232	0.006983	0.007262	0.007431	0.006949	0.005876
7.195336	0.008094	0.007043	0.006799	0.007075	0.007247	0.006764	0.005704
7.214233	0.007891	0.006857	0.006618	0.006892	0.007067	0.006584	0.005536
7.233320	0.007694	0.006676	0.006442	0.006713	0.006892	0.006408	0.005372
7.252217	0.007500	0.006499	0.006270	0.006538	0.006720	0.006236	0.005213
7.271114	0.007311	0.006326	0.006103	0.006367	0.006552	0.006069	0.005058
7.290011	0.007126	0.006158	0.005939	0.006201	0.006388	0.005905	0.004906
7.308909	0.006946	0.005993	0.005779	0.006038	0.006228	0.005745	0.004759
7.327995	0.006769	0.005832	0.005622	0.005879	0.006071	0.005589	0.004615
7.346892	0.006597	0.005675	0.005470	0.005723	0.005918	0.005437	0.004475
7.365790	0.006428	0.005522	0.005321	0.005572	0.005768	0.005289	0.004339
7.384687	0.006264	0.005373	0.005176	0.005424	0.005622	0.005144	0.004207
7.403584	0.006103	0.005227	0.005035	0.005279	0.005479	0.005002	0.004077
7.422670	0.005946	0.005085	0.004896	0.005138	0.005340	0.004865	0.003952
7.441568	0.005793	0.004946	0.004762	0.005001	0.005204	0.004730	0.003829
7.460465	0.005643	0.004810	0.004630	0.004866	0.005071	0.004599	0.003710
7.479362	0.005497	0.004678	0.004502	0.004735	0.004941	0.004471	0.003594
7.498260	0.005354	0.004549	0.004377	0.004607	0.004814	0.004346	0.003481
7.517346	0.005215	0.004423	0.004255	0.004482	0.004690	0.004224	0.003371
7.536243	0.005078	0.004301	0.004136	0.004361	0.004569	0.004106	0.003264
7.555141	0.004946	0.004181	0.004020	0.004242	0.004451	0.003990	0.003160
7.574038	0.004816	0.004065	0.003907	0.004126	0.004335	0.003877	0.003059
7.592935	0.004689	0.003951	0.003797	0.004013	0.004223	0.003767	0.002961
7.612021	0.004566	0.003840	0.003689	0.003903	0.004113	0.003660	0.002866
7.630919	0.004445	0.003732	0.003585	0.003796	0.004005	0.003556	0.002773
7.649816	0.004328	0.003627	0.003483	0.003691	0.003901	0.003454	0.002682
7.668713	0.004213	0.003524	0.003383	0.003589	0.003798	0.003355	0.002595
7.687611	0.004101	0.003424	0.003286	0.003489	0.003699	0.003258	0.002509
7.706697	0.003991	0.003327	0.003192	0.003392	0.003601	0.003164	0.002427
7.725594	0.003885	0.003232	0.003100	0.003297	0.003507	0.003073	0.002346
7.744491	0.003781	0.003140	0.003011	0.003205	0.003414	0.002984	0.002268
7.763389	0.003680	0.003050	0.002923	0.003115	0.003324	0.002897	0.002192
7.782286	0.003581	0.002962	0.002838	0.003028	0.003235	0.002812	0.002118
7.801372	0.003484	0.002876	0.002756	0.002943	0.003149	0.002730	0.002047
7.820270	0.003390	0.002793	0.002675	0.002859	0.003066	0.002649	0.001977
7.839167	0.003299	0.002712	0.002597	0.002778	0.002984	0.002571	0.001910
7.858064	0.003209	0.002633	0.002521	0.002700	0.002904	0.002495	0.001844
7.876962	0.003122	0.002557	0.002446	0.002623	0.002826	0.002421	0.001781
7.896048	0.003037	0.002482	0.002374	0.002548	0.002751	0.002349	0.001719
7.914945	0.002954	0.002409	0.002304	0.002475	0.002677	0.002279	0.001659
7.933842	0.002874	0.002338	0.002235	0.002404	0.002605	0.002211	0.001601
7.952740	0.002795	0.002269	0.002169	0.002335	0.002534	0.002145	0.001545
7.971637	0.002718	0.002202	0.002104	0.002268	0.002466	0.002081	0.001491
7.990723	0.002644	0.002137	0.002041	0.002202	0.002399	0.002018	0.001438
8.009621	0.002571	0.002073	0.001979	0.002139	0.002334	0.001957	0.001386
8.028518	0.002500	0.002012	0.001920	0.002077	0.002271	0.001897	0.001337
8.047415	0.002431	0.001952	0.001862	0.002016	0.002209	0.001840	0.001289
8.066313	0.002364	0.001893	0.001805	0.001958	0.002149	0.001784	0.001242
8.085399	0.002298	0.001836	0.001751	0.001900	0.002090	0.001729	0.001197
8.104296	0.002234	0.001781	0.001697	0.001845	0.002033	0.001676	0.001153
8.123193	0.002172	0.001727	0.001645	0.001791	0.001977	0.001625	0.001111
8.142091	0.002111	0.001675	0.001595	0.001738	0.001923	0.001574	0.001070
8.160988	0.002053	0.001624	0.001546	0.001687	0.001870	0.001526	0.001030
8.180074	0.001995	0.001575	0.001499	0.001637	0.001819	0.001478	0.000992
8.198972	0.001939	0.001527	0.001452	0.001589	0.001769	0.001433	0.000954
8.217869	0.001885	0.001480	0.001407	0.001541	0.001720	0.001388	0.000918
8.236766	0.001832	0.001435	0.001364	0.001496	0.001673	0.001344	0.000884
8.255663	0.001780	0.001391	0.001321	0.001451	0.001626	0.001302	0.000850
8.274750	0.001730	0.001348	0.001280	0.001408	0.001581	0.001261	0.000817
8.293647	0.001681	0.001306	0.001240	0.001366	0.001538	0.001222	0.000786
8.312544	0.001634	0.001266	0.001201	0.001325	0.001495	0.001183	0.000755
8.331442	0.001587	0.001227	0.001163	0.001285	0.001453	0.001146	0.000726
8.350339	0.001542	0.001189	0.001127	0.001246	0.001413	0.001109	0.000698
8.369425	0.001499	0.001152	0.001091	0.001209	0.001374	0.001074	0.000670
8.388322	0.001456	0.001116	0.001057	0.001172	0.001335	0.001040	0.000644
8.407220	0.001415	0.001081	0.001023	0.001137	0.001298	0.001006	0.000618
8.426117	0.001374	0.001047	0.000990	0.001102	0.001262	0.000974	0.000593
8.445014	0.001335	0.001014	0.000959	0.001069	0.001226	0.000943	0.000569
8.464101	0.001297	0.000982	0.000928	0.001036	0.001192	0.000912	0.000546
8.482998	0.001260	0.000951	0.000898	0.001005	0.001159	0.000883	0.000524
8.501895	0.001224	0.000921	0.000870	0.000974	0.001126	0.000854	0.000502
8.520793	0.001188	0.000892	0.000842	0.000944	0.001094	0.000826	0.000482
8.539690	0.001154	0.000863	0.000814	0.000915	0.001064	0.000800	0.000462
8.558776	0.001121	0.000836	0.000788	0.000887	0.001034	0.000773	0.000442
8.577673	0.001089	0.000809	0.000762	0.000860	0.001004	0.000748	0.000424
8.596571	0.001057	0.000783	0.000738	0.000833	0.000976	0.000724	0.000406
8.615468	0.001027	0.000758	0.000714	0.000808	0.000949	0.000700	0.000389
8.634365	0.000997	0.000734	0.000690	0.000783	0.000922	0.000677	0.000372
8.653452	0.000968	0.000710	0.000668	0.000758	0.000896	0.000654	0.000356
8.672349	0.000940	0.000687	0.000646	0.000735	0.000870	0.000633	0.000340
8.691246	0.000913	0.000665	0.000625	0.000712	0.000846	0.000612	0.000326
8.710144	0.000887	0.000644	0.000604	0.000690	0.000822	0.000591	0.000311
8.729041	0.000861	0.000623	0.000584	0.000668	0.000798	0.000571	0.000297
8.748127	0.000836	0.000603	0.000565	0.000648	0.000776	0.000552	0.000284
8.767024	0.000812	0.000583	0.000546	0.000627	0.000754	0.000534	0.000271
8.785922	0.000788	0.000564	0.000528	0.000608	0.000732	0.000516	0.000259
8.804819	0.000765	0.000545	0.000510	0.000589	0.000712	0.000498	0.000247
8.823716	0.000743	0.000528	0.000493	0.000570	0.000691	0.000482	0.000236
8.842803	0.000721	0.000510	0.000477	0.000552	0.000672	0.000465	0.000225
8.861700	0.000700	0.000494	0.000461	0.000535	0.000653	0.000450	0.000215
8.880597	0.000680	0.000477	0.000445	0.000518	0.000634	0.000434	0.000205
8.899494	0.000660	0.000462	0.000430	0.000502	0.000616	0.000419	0.000195
8.918392	0.000640	0.000446	0.000416	0.000486	0.000598	0.000405	0.000186
8.937478	0.000622	0.000431	0.000401	0.000470	0.000581	0.000391	0.000177
8.956375	0.000603	0.000417	0.000388	0.000455	0.000565	0.000378	0.000168
8.975273	0.000586	0.000403	0.000375	0.000441	0.000549	0.000365	0.000160
8.994170	0.000569	0.000390	0.000362	0.000427	0.000533	0.000352	0.000152
9.013067	0.000552	0.000377	0.000350	0.000413	0.000518	0.000340	0.000145
9.032154	0.000536	0.000364	0.000338	0.000400	0.000503	0.000328	0.000137
9.051051	0.000520	0.000352	0.000326	0.000387	0.000489	0.000317	0.000130
9.069948	0.000505	0.000340	0.000315	0.000375	0.000475	0.000306	0.000124
9.088845	0.000490	0.000329	0.000304	0.000363	0.000461	0.000295	0.000117
9.107743	0.000476	0.000318	0.000294	0.000352	0.000448	0.000285	0.000111
9.126829	0.000462	0.000307	0.000283	0.000340	0.000435	0.000275	0.000106
9.145726	0.000448	0.000297	0.000274	0.000329	0.000423	0.000265	0.000100
9.164624	0.000435	0.000287	0.000264	0.000319	0.000411	0.000256	0.000095
9.183521	0.000422	0.000277	0.000255	0.000309	0.000399	0.000247	0.000090
9.202418	0.000410	0.000268	0.000246	0.000299	0.000388	0.000238	0.000085
9.221504	0.000398	0.000259	0.000238	0.000289	0.000377	0.000230	0.000080
9.240402	0.000386	0.000250	0.000229	0.000280	0.000366	0.000222	0.000076
9.259299	0.000375	0.000241	0.000221	0.000271	0.000355	0.000214	0.000071
9.278196	0.000364	0.000233	0.000213	0.000262	0.000345	0.000206	0.000067
9.297094	0.000353	0.000225	0.000206	0.000254	0.000336	0.000199	0.000064
9.316180	0.000343	0.000217	0.000199	0.000245	0.000326	0.000192	0.000060
9.335077	0.000332	0.000210	0.000192	0.000237	0.000317	0.000185	0.000056
9.353975	0.000323	0.000203	0.000185	0.000230	0.000308	0.000178	0.000053
9.372872	0.000313	0.000196	0.000178	0.000222	0.000299	0.000172	0.000050
9.391769	0.000304	0.000189	0.000172	0.000215	0.000290	0.000166	0.000047
9.410855	0.000295	0.000183	0.000166	0.000208	0.000282	0.000160	0.000044
9.429753	0.000286	0.000176	0.000160	0.000201	0.000274	0.000154	0.000041
9.448650	0.000278	0.000170	0.000154	0.000195	0.000266	0.000149	0.000039
