****************************************************************************************************
     Average of energy (eV atom^-1)
----------------------------------------------------------------------------------------------------
          -1.83490922
****************************************************************************************************
     Average of force (X Y Z) (eV ang^-1 atom^-1)
----------------------------------------------------------------------------------------------------
           0.00005031      0.00001916     -0.00002230
****************************************************************************************************
     Average of stress (XX YY ZZ XY XZ YZ) (GPa atom^-1)
----------------------------------------------------------------------------------------------------
           0.00639410      0.00677759      0.00611934      0.00027056     -0.00003894      0.00034032
****************************************************************************************************
     Variance of energy (eV atom^-1)
----------------------------------------------------------------------------------------------------
           0.15584692
****************************************************************************************************
     Variance of force (X Y Z) (eV ang^-1 atom^-1)
----------------------------------------------------------------------------------------------------
           0.00413079      0.00431244      0.00404457
****************************************************************************************************
     Variance of stress (XX YY ZZ XY XZ YZ) (GPa atom^-1)
----------------------------------------------------------------------------------------------------
           0.00531984      0.00453448      0.00563458      0.00093587      0.00100010      0.00088174
****************************************************************************************************
     Normalized histogram
     X, HIS_E, HIS_F, HIS_S
----------------------------------------------------------------------------------------------------
     -3.00000000      0.04724409      0.00541339      0.00535187      0.00627461      0.00000000      0.00000000      0.00000000      0.00787402      0.00787402      0.00787402
     -2.70000000      0.01574803      0.00473671      0.00399852      0.00485974      0.00000000      0.00000000      0.00000000      0.00000000      0.00000000      0.00787402
     -2.40000000      0.03149606      0.00559793      0.00541339      0.00510581      0.00000000      0.00000000      0.00000000      0.00000000      0.01574803      0.01574803
     -2.10000000      0.00000000      0.00633612      0.00676673      0.00756644      0.00000000      0.00000000      0.00000000      0.00000000      0.01574803      0.01574803
     -1.80000000      0.00000000      0.01051919      0.01131890      0.00990404      0.07086614      0.02362205      0.05511811      0.00787402      0.03937008      0.02362205
     -1.50000000      0.02362205      0.01814715      0.01691683      0.01593258      0.06299213      0.08661417      0.13385827      0.02362205      0.03937008      0.00787402
     -1.20000000      0.00000000      0.03291093      0.03284941      0.03340305      0.07874016      0.11023622      0.03937008      0.05511811      0.02362205      0.00787402
     -0.90000000      0.01574803      0.07037402      0.06385335      0.06717520      0.06299213      0.14173228      0.04724409      0.07874016      0.03937008      0.08661417
     -0.60000000      0.00787402      0.13238189      0.13152067      0.13182825      0.14960630      0.08661417      0.13385827      0.13385827      0.14173228      0.14173228
     -0.30000000      0.10236220      0.21887303      0.21961122      0.20047982      0.11811024      0.09448819      0.11023622      0.30708661      0.19685039      0.14960630
     -0.00000000      0.14960630      0.20054134      0.20140256      0.20755413      0.08661417      0.11023622      0.07874016      0.14173228      0.16535433      0.18897638
      0.30000000      0.42519685      0.13109006      0.12924459      0.12856791      0.04724409      0.07086614      0.07874016      0.07874016      0.13385827      0.18110236
      0.60000000      0.17322835      0.06576033      0.06834400      0.07535679      0.01574803      0.04724409      0.03149606      0.03937008      0.03937008      0.04724409
      0.90000000      0.00000000      0.02737451      0.03414124      0.03586368      0.13385827      0.03937008      0.14960630      0.03149606      0.02362205      0.01574803
      1.20000000      0.00000000      0.01648622      0.01476378      0.01630167      0.12598425      0.09448819      0.10236220      0.02362205      0.03937008      0.04724409
      1.50000000      0.00000000      0.00879675      0.01008858      0.01021161      0.03937008      0.04724409      0.02362205      0.02362205      0.01574803      0.00000000
      1.80000000      0.00000000      0.00725886      0.00725886      0.00781250      0.00000000      0.03937008      0.01574803      0.00787402      0.03149606      0.01574803
      2.10000000      0.00000000      0.00553642      0.00621309      0.00430610      0.00787402      0.00787402      0.00000000      0.00000000      0.01574803      0.00000000
      2.40000000      0.00000000      0.00449065      0.00393701      0.00449065      0.00000000      0.00000000      0.00000000      0.00787402      0.00000000      0.01574803
      2.70000000      0.00000000      0.00356791      0.00387549      0.00301427      0.00000000      0.00000000      0.00000000      0.00000000      0.00787402      0.01574803
