****************************************************************************************************
     Average of energy (eV atom^-1)
----------------------------------------------------------------------------------------------------
          -1.87693564
****************************************************************************************************
     Average of force (X Y Z) (eV ang^-1 atom^-1)
----------------------------------------------------------------------------------------------------
           0.00007849      0.00002265     -0.00003515
****************************************************************************************************
     Average of stress (XX YY ZZ XY XZ YZ) (GPa atom^-1)
----------------------------------------------------------------------------------------------------
           0.00319205      0.00417483      0.00278478      0.00038533     -0.00017399      0.00042845
****************************************************************************************************
     Variance of energy (eV atom^-1)
----------------------------------------------------------------------------------------------------
           0.17720310
****************************************************************************************************
     Variance of force (X Y Z) (eV ang^-1 atom^-1)
----------------------------------------------------------------------------------------------------
           0.00480525      0.00502809      0.00466936
****************************************************************************************************
     Variance of stress (XX YY ZZ XY XZ YZ) (GPa atom^-1)
----------------------------------------------------------------------------------------------------
           0.00332109      0.00270027      0.00368712      0.00048664      0.00053026      0.00058451
****************************************************************************************************
     Normalized histogram
     X, HIS_E, HIS_F, HIS_S
----------------------------------------------------------------------------------------------------
     -3.00000000      0.01190476      0.00669643      0.00660342      0.00883557      0.00000000      0.00000000      0.00000000      0.00000000      0.01190476      0.00000000
     -2.70000000      0.02380952      0.00418527      0.00492932      0.00548735      0.00000000      0.00000000      0.00000000      0.00000000      0.03571429      0.00000000
     -2.40000000      0.04761905      0.00790551      0.00641741      0.00744048      0.00000000      0.00000000      0.00000000      0.00000000      0.02380952      0.00000000
     -2.10000000      0.03571429      0.00874256      0.00911458      0.00855655      0.03571429      0.00000000      0.00000000      0.00000000      0.01190476      0.00000000
     -1.80000000      0.03571429      0.01116071      0.01264881      0.01311384      0.07142857      0.03571429      0.03571429      0.00000000      0.00000000      0.01190476
     -1.50000000      0.00000000      0.01990327      0.01813616      0.01497396      0.05952381      0.05952381      0.15476190      0.00000000      0.02380952      0.04761905
     -1.20000000      0.02380952      0.02827381      0.02929688      0.02343750      0.07142857      0.09523810      0.10714286      0.09523810      0.01190476      0.13095238
     -0.90000000      0.01190476      0.05552455      0.05403646      0.05273438      0.03571429      0.13095238      0.04761905      0.20238095      0.05952381      0.09523810
     -0.60000000      0.02380952      0.12574405      0.11960565      0.12146577      0.07142857      0.14285714      0.03571429      0.22619048      0.16666667      0.09523810
     -0.30000000      0.02380952      0.24897693      0.23744420      0.22349330      0.07142857      0.10714286      0.03571429      0.15476190      0.11904762      0.16666667
     -0.00000000      0.19047619      0.21177455      0.21791295      0.23614211      0.14285714      0.07142857      0.09523810      0.07142857      0.10714286      0.13095238
      0.30000000      0.23809524      0.11746652      0.12146577      0.12174479      0.13095238      0.11904762      0.20238095      0.04761905      0.13095238      0.15476190
      0.60000000      0.33333333      0.04901414      0.05403646      0.05766369      0.11904762      0.03571429      0.07142857      0.03571429      0.10714286      0.07142857
      0.90000000      0.00000000      0.02585565      0.02845982      0.02725074      0.09523810      0.05952381      0.07142857      0.03571429      0.10714286      0.02380952
      1.20000000      0.00000000      0.01553199      0.01757812      0.01674107      0.04761905      0.04761905      0.08333333      0.02380952      0.05952381      0.01190476
      1.50000000      0.00000000      0.01143973      0.01162574      0.01218378      0.03571429      0.04761905      0.04761905      0.00000000      0.01190476      0.00000000
      1.80000000      0.00000000      0.00920759      0.01013765      0.00753348      0.01190476      0.01190476      0.01190476      0.04761905      0.01190476      0.01190476
      2.10000000      0.00000000      0.00799851      0.00669643      0.00762649      0.00000000      0.01190476      0.00000000      0.00000000      0.00000000      0.00000000
      2.40000000      0.00000000      0.00511533      0.00669643      0.00446429      0.00000000      0.02380952      0.00000000      0.02380952      0.00000000      0.00000000
      2.70000000      0.00000000      0.00427827      0.00492932      0.00483631      0.00000000      0.00000000      0.00000000      0.02380952      0.00000000      0.02380952
