   1  54   1   0  0.2034159E+02  0.6000000E+03
  CAR 
 unknown system                          
   0   0   0
   1   1
 256 256 256
 256
  0.1000000E-09
  0.3906250E-11
   1
  0.2000000E-14  0.1031794E-08  0.1031794E-08  0.1031794E-08
  0.5893228E+03  0.5893228E+03
  0.000
  0.000
  0.000
  0.000
  0.000
  0.000
  0.000
  0.000
  0.000
  0.000
  0.000
  0.000
  0.000
  0.000
  0.000
  0.000
  0.000
  0.000
  0.000
  0.000
  0.000
  0.000
  0.000
  0.000
  0.000
  0.000
  0.000
  0.000
  0.000
  0.000
  0.000
  0.000
  0.000
  0.000
  0.000
  0.000
  0.000
  0.000
  0.000
  0.000
  0.000
  0.000
  0.000
  0.000
  0.000
  0.000
  0.000
  0.000
  0.000
  0.000
  0.000
  0.000
  0.000
  0.001
  0.001
  0.003
  0.003
  0.009
  0.017
  0.036
  0.068
  0.113
  0.174
  0.272
  0.380
  0.528
  0.715
  0.913
  1.181
  1.388
  1.605
  1.836
  2.082
  2.281
  2.432
  2.572
  2.601
  2.577
  2.562
  2.546
  2.429
  2.317
  2.176
  2.049
  1.974
  1.863
  1.720
  1.552
  1.447
  1.309
  1.168
  1.061
  0.995
  0.898
  0.840
  0.773
  0.703
  0.658
  0.614
  0.576
  0.516
  0.489
  0.457
  0.441
  0.422
  0.398
  0.398
  0.383
  0.394
  0.411
  0.425
  0.425
  0.449
  0.480
  0.513
  0.544
  0.557
  0.599
  0.634
  0.676
  0.717
  0.761
  0.806
  0.839
  0.910
  0.932
  0.957
  0.985
  1.015
  1.052
  1.085
  1.104
  1.130
  1.154
  1.195
  1.213
  1.242
  1.245
  1.288
  1.333
  1.343
  1.362
  1.408
  1.455
  1.477
  1.503
  1.526
  1.515
  1.518
  1.503
  1.505
  1.489
  1.455
  1.401
  1.359
  1.333
  1.277
  1.204
  1.152
  1.063
  1.003
  0.940
  0.877
  0.809
  0.758
  0.710
  0.656
  0.611
  0.574
  0.539
  0.522
  0.508
  0.496
  0.496
  0.492
  0.499
  0.515
  0.526
  0.549
  0.581
  0.617
  0.655
  0.699
  0.759
  0.814
  0.860
  0.911
  0.974
  1.025
  1.066
  1.115
  1.179
  1.198
  1.236
  1.261
  1.297
  1.320
  1.325
  1.333
  1.336
  1.328
  1.322
  1.306
  1.290
  1.269
  1.239
  1.214
  1.182
  1.164
  1.137
  1.122
  1.095
  1.071
  1.060
  1.057
  1.047
  1.021
  1.026
  1.025
  1.022
  1.015
  1.009
  1.012
  1.012
  1.012
  1.007
  1.009
  1.013
  1.016
  0.993
  0.971
  0.956
  0.939
  0.921
  0.904
  0.889
  0.864
  0.845
  0.822
  0.800
  0.776
  0.763
  0.754
  0.735
  0.720
  0.709
  0.711
  0.716
  0.723
  0.743
  0.756
  0.772
  0.799
  0.827
  0.861
  0.887
