&input
asr   = 'all',
huang = .true.,
read_lr = .true.,
flfrc = 'qe.fc',
flfrq = 'qe.freq',
flvec = 'qe.modes',
fleig = 'qe.eig',
dos   = .false.,
q_in_cryst_coord = .true.,
/
159
    0.0000000000     0.0000000000     0.0000000000 
    0.0086206897     0.0000000000     0.0000000000 
    0.0172413793     0.0000000000     0.0000000000 
    0.0258620690     0.0000000000     0.0000000000 
    0.0344827586     0.0000000000     0.0000000000 
    0.0431034483     0.0000000000     0.0000000000 
    0.0517241379     0.0000000000     0.0000000000 
    0.0603448276     0.0000000000     0.0000000000 
    0.0689655172     0.0000000000     0.0000000000 
    0.0775862069     0.0000000000     0.0000000000 
    0.0862068966     0.0000000000     0.0000000000 
    0.0948275862     0.0000000000     0.0000000000 
    0.1034482759     0.0000000000     0.0000000000 
    0.1120689655     0.0000000000     0.0000000000 
    0.1206896552     0.0000000000     0.0000000000 
    0.1293103448     0.0000000000     0.0000000000 
    0.1379310345     0.0000000000     0.0000000000 
    0.1465517241     0.0000000000     0.0000000000 
    0.1551724138     0.0000000000     0.0000000000 
    0.1637931034     0.0000000000     0.0000000000 
    0.1724137931     0.0000000000     0.0000000000 
    0.1810344828     0.0000000000     0.0000000000 
    0.1896551724     0.0000000000     0.0000000000 
    0.1982758621     0.0000000000     0.0000000000 
    0.2068965517     0.0000000000     0.0000000000 
    0.2155172414     0.0000000000     0.0000000000 
    0.2241379310     0.0000000000     0.0000000000 
    0.2327586207     0.0000000000     0.0000000000 
    0.2413793103     0.0000000000     0.0000000000 
    0.2500000000     0.0000000000     0.0000000000 
    0.2586206897     0.0000000000     0.0000000000 
    0.2672413793     0.0000000000     0.0000000000 
    0.2758620690     0.0000000000     0.0000000000 
    0.2844827586     0.0000000000     0.0000000000 
    0.2931034483     0.0000000000     0.0000000000 
    0.3017241379     0.0000000000     0.0000000000 
    0.3103448276     0.0000000000     0.0000000000 
    0.3189655172     0.0000000000     0.0000000000 
    0.3275862069     0.0000000000     0.0000000000 
    0.3362068966     0.0000000000     0.0000000000 
    0.3448275862     0.0000000000     0.0000000000 
    0.3534482759     0.0000000000     0.0000000000 
    0.3620689655     0.0000000000     0.0000000000 
    0.3706896552     0.0000000000     0.0000000000 
    0.3793103448     0.0000000000     0.0000000000 
    0.3879310345     0.0000000000     0.0000000000 
    0.3965517241     0.0000000000     0.0000000000 
    0.4051724138     0.0000000000     0.0000000000 
    0.4137931034     0.0000000000     0.0000000000 
    0.4224137931     0.0000000000     0.0000000000 
    0.4310344828     0.0000000000     0.0000000000 
    0.4396551724     0.0000000000     0.0000000000 
    0.4482758621     0.0000000000     0.0000000000 
    0.4568965517     0.0000000000     0.0000000000 
    0.4655172414     0.0000000000     0.0000000000 
    0.4741379310     0.0000000000     0.0000000000 
    0.4827586207     0.0000000000     0.0000000000 
    0.4913793103     0.0000000000     0.0000000000 
    0.5000000000     0.0000000000     0.0000000000 
    0.4949494949     0.0101010101     0.0000000000 
    0.4898989899     0.0202020202     0.0000000000 
    0.4848484848     0.0303030303     0.0000000000 
    0.4797979798     0.0404040404     0.0000000000 
    0.4747474747     0.0505050505     0.0000000000 
    0.4696969697     0.0606060606     0.0000000000 
    0.4646464646     0.0707070707     0.0000000000 
    0.4595959596     0.0808080808     0.0000000000 
    0.4545454545     0.0909090909     0.0000000000 
    0.4494949495     0.1010101010     0.0000000000 
    0.4444444444     0.1111111111     0.0000000000 
    0.4393939394     0.1212121212     0.0000000000 
    0.4343434343     0.1313131313     0.0000000000 
    0.4292929293     0.1414141414     0.0000000000 
    0.4242424242     0.1515151515     0.0000000000 
    0.4191919192     0.1616161616     0.0000000000 
    0.4141414141     0.1717171717     0.0000000000 
    0.4090909091     0.1818181818     0.0000000000 
    0.4040404040     0.1919191919     0.0000000000 
    0.3989898990     0.2020202020     0.0000000000 
    0.3939393939     0.2121212121     0.0000000000 
    0.3888888889     0.2222222222     0.0000000000 
    0.3838383838     0.2323232323     0.0000000000 
    0.3787878788     0.2424242424     0.0000000000 
    0.3737373737     0.2525252525     0.0000000000 
    0.3686868687     0.2626262626     0.0000000000 
    0.3636363636     0.2727272727     0.0000000000 
    0.3585858586     0.2828282828     0.0000000000 
    0.3535353535     0.2929292929     0.0000000000 
    0.3484848485     0.3030303030     0.0000000000 
    0.3434343434     0.3131313131     0.0000000000 
    0.3383838384     0.3232323232     0.0000000000 
    0.3333333333     0.3333333333     0.0000000000 
    0.3283582090     0.3283582090     0.0000000000 
    0.3233830846     0.3233830846     0.0000000000 
    0.3184079602     0.3184079602     0.0000000000 
    0.3134328358     0.3134328358     0.0000000000 
    0.3084577114     0.3084577114     0.0000000000 
    0.3034825871     0.3034825871     0.0000000000 
    0.2985074627     0.2985074627     0.0000000000 
    0.2935323383     0.2935323383     0.0000000000 
    0.2885572139     0.2885572139     0.0000000000 
    0.2835820896     0.2835820896     0.0000000000 
    0.2786069652     0.2786069652     0.0000000000 
    0.2736318408     0.2736318408     0.0000000000 
    0.2686567164     0.2686567164     0.0000000000 
    0.2636815920     0.2636815920     0.0000000000 
    0.2587064677     0.2587064677     0.0000000000 
    0.2537313433     0.2537313433     0.0000000000 
    0.2487562189     0.2487562189     0.0000000000 
    0.2437810945     0.2437810945     0.0000000000 
    0.2388059701     0.2388059701     0.0000000000 
    0.2338308458     0.2338308458     0.0000000000 
    0.2288557214     0.2288557214     0.0000000000 
    0.2238805970     0.2238805970     0.0000000000 
    0.2189054726     0.2189054726     0.0000000000 
    0.2139303483     0.2139303483     0.0000000000 
    0.2089552239     0.2089552239     0.0000000000 
    0.2039800995     0.2039800995     0.0000000000 
    0.1990049751     0.1990049751     0.0000000000 
    0.1940298507     0.1940298507     0.0000000000 
    0.1890547264     0.1890547264     0.0000000000 
    0.1840796020     0.1840796020     0.0000000000 
    0.1791044776     0.1791044776     0.0000000000 
    0.1741293532     0.1741293532     0.0000000000 
    0.1691542289     0.1691542289     0.0000000000 
    0.1641791045     0.1641791045     0.0000000000 
    0.1592039801     0.1592039801     0.0000000000 
    0.1542288557     0.1542288557     0.0000000000 
    0.1492537313     0.1492537313     0.0000000000 
    0.1442786070     0.1442786070     0.0000000000 
    0.1393034826     0.1393034826     0.0000000000 
    0.1343283582     0.1343283582     0.0000000000 
    0.1293532338     0.1293532338     0.0000000000 
    0.1243781095     0.1243781095     0.0000000000 
    0.1194029851     0.1194029851     0.0000000000 
    0.1144278607     0.1144278607     0.0000000000 
    0.1094527363     0.1094527363     0.0000000000 
    0.1044776119     0.1044776119     0.0000000000 
    0.0995024876     0.0995024876     0.0000000000 
    0.0945273632     0.0945273632     0.0000000000 
    0.0895522388     0.0895522388     0.0000000000 
    0.0845771144     0.0845771144     0.0000000000 
    0.0796019900     0.0796019900     0.0000000000 
    0.0746268657     0.0746268657     0.0000000000 
    0.0696517413     0.0696517413     0.0000000000 
    0.0646766169     0.0646766169     0.0000000000 
    0.0597014925     0.0597014925     0.0000000000 
    0.0547263682     0.0547263682     0.0000000000 
    0.0497512438     0.0497512438     0.0000000000 
    0.0447761194     0.0447761194     0.0000000000 
    0.0398009950     0.0398009950     0.0000000000 
    0.0348258706     0.0348258706     0.0000000000 
    0.0298507463     0.0298507463     0.0000000000 
    0.0248756219     0.0248756219     0.0000000000 
    0.0199004975     0.0199004975     0.0000000000 
    0.0149253731     0.0149253731     0.0000000000 
    0.0099502488     0.0099502488     0.0000000000 
    0.0049751244     0.0049751244     0.0000000000 
    0.0000000000     0.0000000000     0.0000000000 
