   1  54   1   0  0.2140972E+02  0.6000000E+03
  CAR 
 unknown system                          
   0   0   0
   1   1
 256 256 256
 256
  0.1000000E-09
  0.3906250E-11
   1
  0.2000000E-14  0.1045519E-08  0.1065944E-08  0.1037740E-08
  0.5990958E+03  0.6024144E+03
  0.000
  0.000
  0.000
  0.000
  0.000
  0.000
  0.000
  0.000
  0.000
  0.000
  0.000
  0.000
  0.000
  0.000
  0.000
  0.000
  0.000
  0.000
  0.000
  0.000
  0.000
  0.000
  0.000
  0.000
  0.000
  0.000
  0.000
  0.000
  0.000
  0.000
  0.000
  0.000
  0.000
  0.000
  0.000
  0.000
  0.000
  0.000
  0.000
  0.000
  0.000
  0.000
  0.000
  0.000
  0.000
  0.000
  0.000
  0.000
  0.000
  0.000
  0.000
  0.000
  0.000
  0.000
  0.000
  0.001
  0.004
  0.010
  0.016
  0.036
  0.064
  0.132
  0.192
  0.289
  0.412
  0.583
  0.797
  1.022
  1.238
  1.474
  1.746
  1.935
  2.151
  2.293
  2.418
  2.527
  2.560
  2.567
  2.597
  2.488
  2.440
  2.345
  2.195
  2.063
  1.919
  1.797
  1.670
  1.516
  1.381
  1.267
  1.138
  1.045
  0.966
  0.885
  0.808
  0.733
  0.675
  0.628
  0.571
  0.530
  0.488
  0.450
  0.424
  0.410
  0.394
  0.391
  0.396
  0.379
  0.383
  0.394
  0.403
  0.417
  0.437
  0.461
  0.508
  0.537
  0.599
  0.623
  0.671
  0.705
  0.744
  0.801
  0.832
  0.867
  0.911
  0.957
  0.986
  1.011
  1.042
  1.058
  1.082
  1.127
  1.144
  1.178
  1.204
  1.227
  1.260
  1.290
  1.320
  1.346
  1.395
  1.413
  1.453
  1.476
  1.476
  1.510
  1.536
  1.545
  1.533
  1.516
  1.525
  1.501
  1.464
  1.396
  1.354
  1.289
  1.242
  1.158
  1.088
  1.018
  0.955
  0.881
  0.828
  0.756
  0.693
  0.645
  0.596
  0.553
  0.521
  0.487
  0.471
  0.455
  0.447
  0.451
  0.454
  0.466
  0.503
  0.530
  0.572
  0.605
  0.647
  0.700
  0.749
  0.807
  0.860
  0.915
  0.968
  1.027
  1.081
  1.144
  1.196
  1.230
  1.263
  1.296
  1.332
  1.336
  1.366
  1.364
  1.357
  1.339
  1.332
  1.313
  1.295
  1.254
  1.232
  1.200
  1.179
  1.160
  1.140
  1.103
  1.092
  1.072
  1.055
  1.034
  1.029
  1.028
  1.024
  1.018
  1.016
  1.017
  1.013
  1.009
  1.020
  1.020
  1.014
  1.010
  1.002
  0.998
  0.997
  0.977
  0.962
  0.942
  0.922
  0.904
  0.877
  0.850
  0.825
  0.809
  0.784
  0.760
  0.738
  0.718
  0.714
  0.695
  0.698
  0.699
  0.702
  0.713
  0.728
  0.745
  0.773
  0.799
  0.834
  0.869
  0.912
  0.946
